0	398	0.00000e+00	-4.02588e+00
1	2014	1.50000e-02	-8.05664e-02
2	1958	3.00000e-02	-2.17285e-01
3	1900	4.50000e-02	-3.58887e-01
4	1841	6.00000e-02	-5.02930e-01
5	1784	7.50000e-02	-6.42090e-01
6	1728	9.00000e-02	-7.78809e-01
7	1672	1.05000e-01	-9.15527e-01
8	1616	1.20000e-01	-1.05225e+00
9	1562	1.35000e-01	-1.18408e+00
10	1507	1.50000e-01	-1.31836e+00
11	1453	1.65000e-01	-1.45020e+00
12	1398	1.80000e-01	-1.58447e+00
13	1345	1.95000e-01	-1.71387e+00
14	1291	2.10000e-01	-1.84570e+00
15	1238	2.25000e-01	-1.97510e+00
16	1185	2.40000e-01	-2.10449e+00
17	1136	2.55000e-01	-2.22412e+00
18	1086	2.70000e-01	-2.34619e+00
19	1039	2.85000e-01	-2.46094e+00
20	991	3.00000e-01	-2.57812e+00
21	945	3.15000e-01	-2.69043e+00
22	897	3.30000e-01	-2.80762e+00
23	853	3.45000e-01	-2.91504e+00
24	808	3.60000e-01	-3.02490e+00
25	768	3.75000e-01	-3.12256e+00
26	726	3.90000e-01	-3.22510e+00
27	689	4.05000e-01	-3.31543e+00
28	650	4.20000e-01	-3.41064e+00
29	614	4.35000e-01	-3.49854e+00
30	579	4.50000e-01	-3.58398e+00
31	545	4.65000e-01	-3.66699e+00
32	514	4.80000e-01	-3.74268e+00
33	483	4.95000e-01	-3.81836e+00
34	455	5.10000e-01	-3.88672e+00
35	429	5.25000e-01	-3.95020e+00
36	404	5.40000e-01	-4.01123e+00
37	381	5.55000e-01	-4.06738e+00
38	359	5.70000e-01	-4.12109e+00
39	339	5.85000e-01	-4.16992e+00
40	321	6.00000e-01	-4.21387e+00
41	305	6.15000e-01	-4.25293e+00
42	291	6.30000e-01	-4.28711e+00
43	279	6.45000e-01	-4.31641e+00
44	269	6.60000e-01	-4.34082e+00
45	259	6.75000e-01	-4.36523e+00
46	252	6.90000e-01	-4.38232e+00
47	244	7.05000e-01	-4.40186e+00
48	238	7.20000e-01	-4.41650e+00
49	240	7.35000e-01	-4.41162e+00
50	250	7.50000e-01	-4.38721e+00
51	258	7.65000e-01	-4.36768e+00
52	266	7.80000e-01	-4.34814e+00
53	277	7.95000e-01	-4.32129e+00
54	288	8.10000e-01	-4.29443e+00
55	302	8.25000e-01	-4.26025e+00
56	318	8.40000e-01	-4.22119e+00
57	336	8.55000e-01	-4.17725e+00
58	355	8.70000e-01	-4.13086e+00
59	378	8.85000e-01	-4.07471e+00
60	402	9.00000e-01	-4.01611e+00
61	427	9.15000e-01	-3.95508e+00
62	452	9.30000e-01	-3.89404e+00
63	482	9.45000e-01	-3.82080e+00
64	512	9.60000e-01	-3.74756e+00
65	543	9.75000e-01	-3.67188e+00
66	576	9.90000e-01	-3.59131e+00
67	611	1.00500e+00	-3.50586e+00
68	647	1.02000e+00	-3.41797e+00
69	686	1.03500e+00	-3.32275e+00
70	726	1.05000e+00	-3.22510e+00
71	767	1.06500e+00	-3.12500e+00
72	809	1.08000e+00	-3.02246e+00
73	854	1.09500e+00	-2.91260e+00
74	900	1.11000e+00	-2.80029e+00
75	947	1.12500e+00	-2.68555e+00
76	995	1.14000e+00	-2.56836e+00
77	1043	1.15500e+00	-2.45117e+00
78	1093	1.17000e+00	-2.32910e+00
79	1142	1.18500e+00	-2.20947e+00
80	1193	1.20000e+00	-2.08496e+00
81	1247	1.21500e+00	-1.95312e+00
82	1301	1.23000e+00	-1.82129e+00
83	1356	1.24500e+00	-1.68701e+00
84	1410	1.26000e+00	-1.55518e+00
85	1466	1.27500e+00	-1.41846e+00
86	1521	1.29000e+00	-1.28418e+00
87	1578	1.30500e+00	-1.14502e+00
88	1633	1.32000e+00	-1.01074e+00
89	1690	1.33500e+00	-8.71582e-01
90	1745	1.35000e+00	-7.37305e-01
91	1805	1.36500e+00	-5.90820e-01
92	1863	1.38000e+00	-4.49219e-01
93	1923	1.39500e+00	-3.02734e-01
94	1982	1.41000e+00	-1.58691e-01
95	2043	1.42500e+00	-9.76562e-03
96	2101	1.44000e+00	1.31836e-01
97	2163	1.45500e+00	2.83203e-01
98	2222	1.47000e+00	4.27246e-01
99	2281	1.48500e+00	5.71289e-01
100	2340	1.50000e+00	7.15332e-01
101	2398	1.51500e+00	8.56934e-01
102	2453	1.53000e+00	9.91211e-01
103	2510	1.54500e+00	1.13037e+00
104	2566	1.56000e+00	1.26709e+00
105	2621	1.57500e+00	1.40137e+00
106	2677	1.59000e+00	1.53809e+00
107	2732	1.60500e+00	1.67236e+00
108	2787	1.62000e+00	1.80664e+00
109	2842	1.63500e+00	1.94092e+00
110	2894	1.65000e+00	2.06787e+00
111	2947	1.66500e+00	2.19727e+00
112	2997	1.68000e+00	2.31934e+00
113	3048	1.69500e+00	2.44385e+00
114	3094	1.71000e+00	2.55615e+00
115	3145	1.72500e+00	2.68066e+00
116	3192	1.74000e+00	2.79541e+00
117	3240	1.75500e+00	2.91260e+00
118	3285	1.77000e+00	3.02246e+00
119	3328	1.78500e+00	3.12744e+00
120	3370	1.80000e+00	3.22998e+00
121	3411	1.81500e+00	3.33008e+00
122	3445	1.83000e+00	3.41309e+00
123	3487	1.84500e+00	3.51562e+00
124	3524	1.86000e+00	3.60596e+00
125	3558	1.87500e+00	3.68896e+00
126	3590	1.89000e+00	3.76709e+00
127	3621	1.90500e+00	3.84277e+00
128	3651	1.92000e+00	3.91602e+00
129	3678	1.93500e+00	3.98193e+00
130	3705	1.95000e+00	4.04785e+00
131	3729	1.96500e+00	4.10645e+00
132	3752	1.98000e+00	4.16260e+00
133	3772	1.99500e+00	4.21143e+00
134	3792	2.01000e+00	4.26025e+00
135	3809	2.02500e+00	4.30176e+00
136	3823	2.04000e+00	4.33594e+00
137	3836	2.05500e+00	4.36768e+00
138	3846	2.07000e+00	4.39209e+00
139	3855	2.08500e+00	4.41406e+00
140	3864	2.10000e+00	4.43604e+00
141	3871	2.11500e+00	4.45312e+00
142	3877	2.13000e+00	4.46777e+00
143	3874	2.14500e+00	4.46045e+00
144	3868	2.16000e+00	4.44580e+00
145	3861	2.17500e+00	4.42871e+00
146	3853	2.19000e+00	4.40918e+00
147	3843	2.20500e+00	4.38477e+00
148	3832	2.22000e+00	4.35791e+00
149	3820	2.23500e+00	4.32861e+00
150	3804	2.25000e+00	4.28955e+00
151	3789	2.26500e+00	4.25293e+00
152	3769	2.28000e+00	4.20410e+00
153	3749	2.29500e+00	4.15527e+00
154	3727	2.31000e+00	4.10156e+00
155	3703	2.32500e+00	4.04297e+00
156	3678	2.34000e+00	3.98193e+00
157	3651	2.35500e+00	3.91602e+00
158	3623	2.37000e+00	3.84766e+00
159	3594	2.38500e+00	3.77686e+00
160	3564	2.40000e+00	3.70361e+00
161	3526	2.41500e+00	3.61084e+00
162	3492	2.43000e+00	3.52783e+00
163	3456	2.44500e+00	3.43994e+00
164	3418	2.46000e+00	3.34717e+00
165	3378	2.47500e+00	3.24951e+00
166	3338	2.49000e+00	3.15186e+00
167	3295	2.50500e+00	3.04688e+00
168	3252	2.52000e+00	2.94189e+00
169	3206	2.53500e+00	2.82959e+00
170	3160	2.55000e+00	2.71729e+00
171	3111	2.56500e+00	2.59766e+00
172	3064	2.58000e+00	2.48291e+00
173	3016	2.59500e+00	2.36572e+00
174	2967	2.61000e+00	2.24609e+00
175	2916	2.62500e+00	2.12158e+00
176	2864	2.64000e+00	1.99463e+00
177	2812	2.65500e+00	1.86768e+00
178	2758	2.67000e+00	1.73584e+00
179	2704	2.68500e+00	1.60400e+00
180	2648	2.70000e+00	1.46729e+00
181	2595	2.71500e+00	1.33789e+00
182	2540	2.73000e+00	1.20361e+00
183	2485	2.74500e+00	1.06934e+00
184	2429	2.76000e+00	9.32617e-01
185	2374	2.77500e+00	7.98340e-01
186	2317	2.79000e+00	6.59180e-01
187	2259	2.80500e+00	5.17578e-01
188	2201	2.82000e+00	3.75977e-01
189	2143	2.83500e+00	2.34375e-01
190	2083	2.85000e+00	8.78906e-02
191	2025	2.86500e+00	-5.37109e-02
192	1966	2.88000e+00	-1.97754e-01
193	1907	2.89500e+00	-3.41797e-01
194	1848	2.91000e+00	-4.85840e-01
195	1790	2.92500e+00	-6.27441e-01
196	1734	2.94000e+00	-7.64160e-01
197	1678	2.95500e+00	-9.00879e-01
198	1623	2.97000e+00	-1.03516e+00
199	1568	2.98500e+00	-1.16943e+00
200	1513	3.00000e+00	-1.30371e+00
201	1458	3.01500e+00	-1.43799e+00
202	1405	3.03000e+00	-1.56738e+00
203	1350	3.04500e+00	-1.70166e+00
204	1298	3.06000e+00	-1.82861e+00
205	1244	3.07500e+00	-1.96045e+00
206	1192	3.09000e+00	-2.08740e+00
207	1141	3.10500e+00	-2.21191e+00
208	1093	3.12000e+00	-2.32910e+00
209	1045	3.13500e+00	-2.44629e+00
210	998	3.15000e+00	-2.56104e+00
211	950	3.16500e+00	-2.67822e+00
212	903	3.18000e+00	-2.79297e+00
213	857	3.19500e+00	-2.90527e+00
214	814	3.21000e+00	-3.01025e+00
215	772	3.22500e+00	-3.11279e+00
216	732	3.24000e+00	-3.21045e+00
217	693	3.25500e+00	-3.30566e+00
218	655	3.27000e+00	-3.39844e+00
219	618	3.28500e+00	-3.48877e+00
220	583	3.30000e+00	-3.57422e+00
221	549	3.31500e+00	-3.65723e+00
222	518	3.33000e+00	-3.73291e+00
223	487	3.34500e+00	-3.80859e+00
224	460	3.36000e+00	-3.87451e+00
225	433	3.37500e+00	-3.94043e+00
226	408	3.39000e+00	-4.00146e+00
227	384	3.40500e+00	-4.06006e+00
228	362	3.42000e+00	-4.11377e+00
229	342	3.43500e+00	-4.16260e+00
230	324	3.45000e+00	-4.20654e+00
231	306	3.46500e+00	-4.25049e+00
232	293	3.48000e+00	-4.28223e+00
233	280	3.49500e+00	-4.31396e+00
234	270	3.51000e+00	-4.33838e+00
235	260	3.52500e+00	-4.36279e+00
236	252	3.54000e+00	-4.38232e+00
237	245	3.55500e+00	-4.39941e+00
238	239	3.57000e+00	-4.41406e+00
239	242	3.58500e+00	-4.40674e+00
240	250	3.60000e+00	-4.38721e+00
241	258	3.61500e+00	-4.36768e+00
242	265	3.63000e+00	-4.35059e+00
243	275	3.64500e+00	-4.32617e+00
244	287	3.66000e+00	-4.29688e+00
245	300	3.67500e+00	-4.26514e+00
246	316	3.69000e+00	-4.22607e+00
247	333	3.70500e+00	-4.18457e+00
248	353	3.72000e+00	-4.13574e+00
249	375	3.73500e+00	-4.08203e+00
250	399	3.75000e+00	-4.02344e+00
251	423	3.76500e+00	-3.96484e+00
252	450	3.78000e+00	-3.89893e+00
253	478	3.79500e+00	-3.83057e+00
254	508	3.81000e+00	-3.75732e+00
255	539	3.82500e+00	-3.68164e+00
256	572	3.84000e+00	-3.60107e+00
257	606	3.85500e+00	-3.51807e+00
258	644	3.87000e+00	-3.42529e+00
259	682	3.88500e+00	-3.33252e+00
260	721	3.90000e+00	-3.23730e+00
261	762	3.91500e+00	-3.13721e+00
262	806	3.93000e+00	-3.02979e+00
263	850	3.94500e+00	-2.92236e+00
264	894	3.96000e+00	-2.81494e+00
265	941	3.97500e+00	-2.70020e+00
266	990	3.99000e+00	-2.58057e+00
267	1038	4.00500e+00	-2.46338e+00
268	1087	4.02000e+00	-2.34375e+00
269	1136	4.03500e+00	-2.22412e+00
270	1187	4.05000e+00	-2.09961e+00
271	1239	4.06500e+00	-1.97266e+00
272	1294	4.08000e+00	-1.83838e+00
273	1348	4.09500e+00	-1.70654e+00
274	1405	4.11000e+00	-1.56738e+00
275	1459	4.12500e+00	-1.43555e+00
276	1515	4.14000e+00	-1.29883e+00
277	1569	4.15500e+00	-1.16699e+00
278	1625	4.17000e+00	-1.03027e+00
279	1682	4.18500e+00	-8.91113e-01
280	1740	4.20000e+00	-7.49512e-01
281	1797	4.21500e+00	-6.10352e-01
282	1857	4.23000e+00	-4.63867e-01
283	1916	4.24500e+00	-3.19824e-01
284	1976	4.26000e+00	-1.73340e-01
285	2035	4.27500e+00	-2.92969e-02
286	2096	4.29000e+00	1.19629e-01
287	2154	4.30500e+00	2.61230e-01
288	2215	4.32000e+00	4.10156e-01
289	2274	4.33500e+00	5.54199e-01
290	2334	4.35000e+00	7.00684e-01
291	2391	4.36500e+00	8.39844e-01
292	2452	4.38000e+00	9.88770e-01
293	2504	4.39500e+00	1.11572e+00
294	2559	4.41000e+00	1.25000e+00
295	2615	4.42500e+00	1.38672e+00
296	2671	4.44000e+00	1.52344e+00
297	2724	4.45500e+00	1.65283e+00
298	2781	4.47000e+00	1.79199e+00
299	2835	4.48500e+00	1.92383e+00
300	2889	4.50000e+00	2.05566e+00
301	2940	4.51500e+00	2.18018e+00
302	2992	4.53000e+00	2.30713e+00
303	3041	4.54500e+00	2.42676e+00
304	3090	4.56000e+00	2.54639e+00
305	3138	4.57500e+00	2.66357e+00
306	3187	4.59000e+00	2.78320e+00
307	3233	4.60500e+00	2.89551e+00
308	3280	4.62000e+00	3.01025e+00
309	3323	4.63500e+00	3.11523e+00
310	3366	4.65000e+00	3.22021e+00
311	3406	4.66500e+00	3.31787e+00
312	3445	4.68000e+00	3.41309e+00
313	3482	4.69500e+00	3.50342e+00
314	3519	4.71000e+00	3.59375e+00
315	3554	4.72500e+00	3.67920e+00
316	3588	4.74000e+00	3.76221e+00
317	3617	4.75500e+00	3.83301e+00
318	3648	4.77000e+00	3.90869e+00
319	3676	4.78500e+00	3.97705e+00
320	3701	4.80000e+00	4.03809e+00
321	3726	4.81500e+00	4.09912e+00
322	3749	4.83000e+00	4.15527e+00
323	3770	4.84500e+00	4.20654e+00
324	3791	4.86000e+00	4.25781e+00
325	3806	4.87500e+00	4.29443e+00
326	3821	4.89000e+00	4.33105e+00
327	3834	4.90500e+00	4.36279e+00
328	3845	4.92000e+00	4.38965e+00
329	3854	4.93500e+00	4.41162e+00
330	3864	4.95000e+00	4.43604e+00
331	3873	4.96500e+00	4.45801e+00
332	3877	4.98000e+00	4.46777e+00
333	3874	4.99500e+00	4.46045e+00
334	3868	5.01000e+00	4.44580e+00
335	3860	5.02500e+00	4.42627e+00
336	3855	5.04000e+00	4.41406e+00
337	3844	5.05500e+00	4.38721e+00
338	3834	5.07000e+00	4.36279e+00
339	3822	5.08500e+00	4.33350e+00
340	3808	5.10000e+00	4.29932e+00
341	3791	5.11500e+00	4.25781e+00
342	3773	5.13000e+00	4.21387e+00
343	3752	5.14500e+00	4.16260e+00
344	3731	5.16000e+00	4.11133e+00
345	3706	5.17500e+00	4.05029e+00
346	3682	5.19000e+00	3.99170e+00
347	3654	5.20500e+00	3.92334e+00
348	3626	5.22000e+00	3.85498e+00
349	3597	5.23500e+00	3.78418e+00
350	3565	5.25000e+00	3.70605e+00
351	3531	5.26500e+00	3.62305e+00
352	3497	5.28000e+00	3.54004e+00
353	3460	5.29500e+00	3.44971e+00
354	3423	5.31000e+00	3.35938e+00
355	3383	5.32500e+00	3.26172e+00
356	3342	5.34000e+00	3.16162e+00
357	3300	5.35500e+00	3.05908e+00
358	3258	5.37000e+00	2.95654e+00
359	3211	5.38500e+00	2.84180e+00
360	3165	5.40000e+00	2.72949e+00
361	3117	5.41500e+00	2.61230e+00
362	3070	5.43000e+00	2.49756e+00
363	3022	5.44500e+00	2.38037e+00
364	2973	5.46000e+00	2.26074e+00
365	2922	5.47500e+00	2.13623e+00
366	2871	5.49000e+00	2.01172e+00
367	2818	5.50500e+00	1.88232e+00
368	2764	5.52000e+00	1.75049e+00
369	2709	5.53500e+00	1.61621e+00
370	2657	5.55000e+00	1.48926e+00
371	2601	5.56500e+00	1.35254e+00
372	2547	5.58000e+00	1.22070e+00
373	2490	5.59500e+00	1.08154e+00
374	2437	5.61000e+00	9.52148e-01
375	2381	5.62500e+00	8.15430e-01
376	2326	5.64000e+00	6.81152e-01
377	2266	5.65500e+00	5.34668e-01
378	2209	5.67000e+00	3.95508e-01
379	2149	5.68500e+00	2.49023e-01
380	2090	5.70000e+00	1.04980e-01
381	2031	5.71500e+00	-3.90625e-02
382	1974	5.73000e+00	-1.78223e-01
383	1915	5.74500e+00	-3.22266e-01
384	1856	5.76000e+00	-4.66309e-01
385	1797	5.77500e+00	-6.10352e-01
386	1741	5.79000e+00	-7.47070e-01
387	1686	5.80500e+00	-8.81348e-01
388	1630	5.82000e+00	-1.01807e+00
389	1574	5.83500e+00	-1.15479e+00
390	1521	5.85000e+00	-1.28418e+00
391	1465	5.86500e+00	-1.42090e+00
392	1413	5.88000e+00	-1.54785e+00
393	1358	5.89500e+00	-1.68213e+00
394	1304	5.91000e+00	-1.81396e+00
395	1250	5.92500e+00	-1.94580e+00
396	1199	5.94000e+00	-2.07031e+00
397	1147	5.95500e+00	-2.19727e+00
398	1099	5.97000e+00	-2.31445e+00
399	1049	5.98500e+00	-2.43652e+00
400	1004	6.00000e+00	-2.54639e+00
401	954	6.01500e+00	-2.66846e+00
402	909	6.03000e+00	-2.77832e+00
403	863	6.04500e+00	-2.89062e+00
404	820	6.06000e+00	-2.99561e+00
405	778	6.07500e+00	-3.09814e+00
406	737	6.09000e+00	-3.19824e+00
407	697	6.10500e+00	-3.29590e+00
408	659	6.12000e+00	-3.38867e+00
409	622	6.13500e+00	-3.47900e+00
410	589	6.15000e+00	-3.55957e+00
411	554	6.16500e+00	-3.64502e+00
412	522	6.18000e+00	-3.72314e+00
413	491	6.19500e+00	-3.79883e+00
414	463	6.21000e+00	-3.86719e+00
415	437	6.22500e+00	-3.93066e+00
416	411	6.24000e+00	-3.99414e+00
417	387	6.25500e+00	-4.05273e+00
418	366	6.27000e+00	-4.10400e+00
419	344	6.28500e+00	-4.15771e+00
420	326	6.30000e+00	-4.20166e+00
421	309	6.31500e+00	-4.24316e+00
422	294	6.33000e+00	-4.27979e+00
423	281	6.34500e+00	-4.31152e+00
424	272	6.36000e+00	-4.33350e+00
425	261	6.37500e+00	-4.36035e+00
426	255	6.39000e+00	-4.37500e+00
427	246	6.40500e+00	-4.39697e+00
428	240	6.42000e+00	-4.41162e+00
429	242	6.43500e+00	-4.40674e+00
430	249	6.45000e+00	-4.38965e+00
431	256	6.46500e+00	-4.37256e+00
432	265	6.48000e+00	-4.35059e+00
433	274	6.49500e+00	-4.32861e+00
434	286	6.51000e+00	-4.29932e+00
435	299	6.52500e+00	-4.26758e+00
436	314	6.54000e+00	-4.23096e+00
437	332	6.55500e+00	-4.18701e+00
438	352	6.57000e+00	-4.13818e+00
439	373	6.58500e+00	-4.08691e+00
440	396	6.60000e+00	-4.03076e+00
441	421	6.61500e+00	-3.96973e+00
442	447	6.63000e+00	-3.90625e+00
443	474	6.64500e+00	-3.84033e+00
444	504	6.66000e+00	-3.76709e+00
445	537	6.67500e+00	-3.68652e+00
446	570	6.69000e+00	-3.60596e+00
447	603	6.70500e+00	-3.52539e+00
448	640	6.72000e+00	-3.43506e+00
449	677	6.73500e+00	-3.34473e+00
450	717	6.75000e+00	-3.24707e+00
451	757	6.76500e+00	-3.14941e+00
452	799	6.78000e+00	-3.04688e+00
453	842	6.79500e+00	-2.94189e+00
454	889	6.81000e+00	-2.82715e+00
455	937	6.82500e+00	-2.70996e+00
456	984	6.84000e+00	-2.59521e+00
457	1032	6.85500e+00	-2.47803e+00
458	1081	6.87000e+00	-2.35840e+00
459	1130	6.88500e+00	-2.23877e+00
460	1182	6.90000e+00	-2.11182e+00
461	1234	6.91500e+00	-1.98486e+00
462	1288	6.93000e+00	-1.85303e+00
463	1342	6.94500e+00	-1.72119e+00
464	1397	6.96000e+00	-1.58691e+00
465	1452	6.97500e+00	-1.45264e+00
466	1509	6.99000e+00	-1.31348e+00
467	1563	7.00500e+00	-1.18164e+00
468	1620	7.02000e+00	-1.04248e+00
469	1675	7.03500e+00	-9.08203e-01
470	1733	7.05000e+00	-7.66602e-01
471	1790	7.06500e+00	-6.27441e-01
472	1849	7.08000e+00	-4.83398e-01
473	1909	7.09500e+00	-3.36914e-01
474	1970	7.11000e+00	-1.87988e-01
475	2028	7.12500e+00	-4.63867e-02
476	2088	7.14000e+00	1.00098e-01
477	2147	7.15500e+00	2.44141e-01
478	2208	7.17000e+00	3.93066e-01
479	2268	7.18500e+00	5.39551e-01
480	2326	7.20000e+00	6.81152e-01
481	2383	7.21500e+00	8.20312e-01
482	2441	7.23000e+00	9.61914e-01
483	2497	7.24500e+00	1.09863e+00
484	2553	7.26000e+00	1.23535e+00
485	2608	7.27500e+00	1.36963e+00
486	2664	7.29000e+00	1.50635e+00
487	2719	7.30500e+00	1.64062e+00
488	2774	7.32000e+00	1.77490e+00
489	2828	7.33500e+00	1.90674e+00
490	2884	7.35000e+00	2.04346e+00
491	2935	7.36500e+00	2.16797e+00
492	2985	7.38000e+00	2.29004e+00
493	3035	7.39500e+00	2.41211e+00
494	3085	7.41000e+00	2.53418e+00
495	3133	7.42500e+00	2.65137e+00
496	3184	7.44000e+00	2.77588e+00
497	3231	7.45500e+00	2.89062e+00
498	3275	7.47000e+00	2.99805e+00
499	3320	7.48500e+00	3.10791e+00
500	3360	7.50000e+00	3.20557e+00
501	3399	7.51500e+00	3.30078e+00
502	3440	7.53000e+00	3.40088e+00
503	3479	7.54500e+00	3.49609e+00
504	3515	7.56000e+00	3.58398e+00
505	3550	7.57500e+00	3.66943e+00
506	3583	7.59000e+00	3.75000e+00
507	3614	7.60500e+00	3.82568e+00
508	3644	7.62000e+00	3.89893e+00
509	3672	7.63500e+00	3.96729e+00
510	3698	7.65000e+00	4.03076e+00
511	3723	7.66500e+00	4.09180e+00
512	3746	7.68000e+00	4.14795e+00
513	3767	7.69500e+00	4.19922e+00
514	3785	7.71000e+00	4.24316e+00
515	3804	7.72500e+00	4.28955e+00
516	3820	7.74000e+00	4.32861e+00
517	3832	7.75500e+00	4.35791e+00
518	3844	7.77000e+00	4.38721e+00
519	3852	7.78500e+00	4.40674e+00
520	3861	7.80000e+00	4.42871e+00
521	3869	7.81500e+00	4.44824e+00
522	3876	7.83000e+00	4.46533e+00
523	3874	7.84500e+00	4.46045e+00
524	3869	7.86000e+00	4.44824e+00
525	3862	7.87500e+00	4.43115e+00
526	3854	7.89000e+00	4.41162e+00
527	3846	7.90500e+00	4.39209e+00
528	3835	7.92000e+00	4.36523e+00
529	3823	7.93500e+00	4.33594e+00
530	3810	7.95000e+00	4.30420e+00
531	3793	7.96500e+00	4.26270e+00
532	3775	7.98000e+00	4.21875e+00
533	3755	7.99500e+00	4.16992e+00
534	3732	8.01000e+00	4.11377e+00
535	3708	8.02500e+00	4.05518e+00
536	3684	8.04000e+00	3.99658e+00
537	3657	8.05500e+00	3.93066e+00
538	3630	8.07000e+00	3.86475e+00
539	3600	8.08500e+00	3.79150e+00
540	3568	8.10000e+00	3.71338e+00
541	3535	8.11500e+00	3.63281e+00
542	3501	8.13000e+00	3.54980e+00
543	3463	8.14500e+00	3.45703e+00
544	3426	8.16000e+00	3.36670e+00
545	3387	8.17500e+00	3.27148e+00
546	3346	8.19000e+00	3.17139e+00
547	3305	8.20500e+00	3.07129e+00
548	3261	8.22000e+00	2.96387e+00
549	3216	8.23500e+00	2.85400e+00
550	3169	8.25000e+00	2.73926e+00
551	3123	8.26500e+00	2.62695e+00
552	3074	8.28000e+00	2.50732e+00
553	3027	8.29500e+00	2.39258e+00
554	2979	8.31000e+00	2.27539e+00
555	2928	8.32500e+00	2.15088e+00
556	2877	8.34000e+00	2.02637e+00
557	2825	8.35500e+00	1.89941e+00
558	2771	8.37000e+00	1.76758e+00
559	2715	8.38500e+00	1.63086e+00
560	2662	8.40000e+00	1.50146e+00
561	2607	8.41500e+00	1.36719e+00
562	2553	8.43000e+00	1.23535e+00
563	2498	8.44500e+00	1.10107e+00
564	2444	8.46000e+00	9.69238e-01
565	2387	8.47500e+00	8.30078e-01
566	2331	8.49000e+00	6.93359e-01
567	2272	8.50500e+00	5.49316e-01
568	2214	8.52000e+00	4.07715e-01
569	2152	8.53500e+00	2.56348e-01
570	2097	8.55000e+00	1.22070e-01
571	2035	8.56500e+00	-2.92969e-02
572	1980	8.58000e+00	-1.63574e-01
573	1920	8.59500e+00	-3.10059e-01
574	1862	8.61000e+00	-4.51660e-01
575	1804	8.62500e+00	-5.93262e-01
576	1748	8.64000e+00	-7.29980e-01
577	1691	8.65500e+00	-8.69141e-01
578	1633	8.67000e+00	-1.01074e+00
579	1580	8.68500e+00	-1.14014e+00
580	1526	8.70000e+00	-1.27197e+00
581	1472	8.71500e+00	-1.40381e+00
582	1418	8.73000e+00	-1.53564e+00
583	1363	8.74500e+00	-1.66992e+00
584	1309	8.76000e+00	-1.80176e+00
585	1256	8.77500e+00	-1.93115e+00
586	1205	8.79000e+00	-2.05566e+00
587	1153	8.80500e+00	-2.18262e+00
588	1104	8.82000e+00	-2.30225e+00
589	1056	8.83500e+00	-2.41943e+00
590	1008	8.85000e+00	-2.53662e+00
591	962	8.86500e+00	-2.64893e+00
592	914	8.88000e+00	-2.76611e+00
593	869	8.89500e+00	-2.87598e+00
594	824	8.91000e+00	-2.98584e+00
595	781	8.92500e+00	-3.09082e+00
596	742	8.94000e+00	-3.18604e+00
597	702	8.95500e+00	-3.28369e+00
598	664	8.97000e+00	-3.37646e+00
599	626	8.98500e+00	-3.46924e+00
600	591	9.00000e+00	-3.55469e+00
601	557	9.01500e+00	-3.63770e+00
602	525	9.03000e+00	-3.71582e+00
603	496	9.04500e+00	-3.78662e+00
604	467	9.06000e+00	-3.85742e+00
605	439	9.07500e+00	-3.92578e+00
606	414	9.09000e+00	-3.98682e+00
607	389	9.10500e+00	-4.04785e+00
608	366	9.12000e+00	-4.10400e+00
609	346	9.13500e+00	-4.15283e+00
610	328	9.15000e+00	-4.19678e+00
611	310	9.16500e+00	-4.24072e+00
612	296	9.18000e+00	-4.27490e+00
613	283	9.19500e+00	-4.30664e+00
614	271	9.21000e+00	-4.33594e+00
615	262	9.22500e+00	-4.35791e+00
616	254	9.24000e+00	-4.37744e+00
617	245	9.25500e+00	-4.39941e+00
618	240	9.27000e+00	-4.41162e+00
619	241	9.28500e+00	-4.40918e+00
620	247	9.30000e+00	-4.39453e+00
621	251	9.31500e+00	-4.38477e+00
622	263	9.33000e+00	-4.35547e+00
623	274	9.34500e+00	-4.32861e+00
624	284	9.36000e+00	-4.30420e+00
625	297	9.37500e+00	-4.27246e+00
626	311	9.39000e+00	-4.23828e+00
627	329	9.40500e+00	-4.19434e+00
628	348	9.42000e+00	-4.14795e+00
629	371	9.43500e+00	-4.09180e+00
630	393	9.45000e+00	-4.03809e+00
631	417	9.46500e+00	-3.97949e+00
632	443	9.48000e+00	-3.91602e+00
633	472	9.49500e+00	-3.84521e+00
634	501	9.51000e+00	-3.77441e+00
635	532	9.52500e+00	-3.69873e+00
636	565	9.54000e+00	-3.61816e+00
637	598	9.55500e+00	-3.53760e+00
638	635	9.57000e+00	-3.44727e+00
639	673	9.58500e+00	-3.35449e+00
640	712	9.60000e+00	-3.25928e+00
641	752	9.61500e+00	-3.16162e+00
642	795	9.63000e+00	-3.05664e+00
643	838	9.64500e+00	-2.95166e+00
644	884	9.66000e+00	-2.83936e+00
645	930	9.67500e+00	-2.72705e+00
646	978	9.69000e+00	-2.60986e+00
647	1026	9.70500e+00	-2.49268e+00
648	1075	9.72000e+00	-2.37305e+00
649	1126	9.73500e+00	-2.24854e+00
650	1175	9.75000e+00	-2.12891e+00
651	1228	9.76500e+00	-1.99951e+00
652	1282	9.78000e+00	-1.86768e+00
653	1335	9.79500e+00	-1.73828e+00
654	1390	9.81000e+00	-1.60400e+00
655	1447	9.82500e+00	-1.46484e+00
656	1501	9.84000e+00	-1.33301e+00
657	1557	9.85500e+00	-1.19629e+00
658	1613	9.87000e+00	-1.05957e+00
659	1669	9.88500e+00	-9.22852e-01
660	1725	9.90000e+00	-7.86133e-01
661	1784	9.91500e+00	-6.42090e-01
662	1842	9.93000e+00	-5.00488e-01
663	1903	9.94500e+00	-3.51562e-01
664	1962	9.96000e+00	-2.07520e-01
665	2023	9.97500e+00	-5.85938e-02
666	2081	9.99000e+00	8.30078e-02
667	2142	1.00050e+01	2.31934e-01
668	2201	1.00200e+01	3.75977e-01
669	2260	1.00350e+01	5.20020e-01
670	2320	1.00500e+01	6.66504e-01
671	2378	1.00650e+01	8.08105e-01
672	2435	1.00800e+01	9.47266e-01
673	2490	1.00950e+01	1.08154e+00
674	2546	1.01100e+01	1.21826e+00
675	2603	1.01250e+01	1.35742e+00
676	2657	1.01400e+01	1.48926e+00
677	2713	1.01550e+01	1.62598e+00
678	2768	1.01700e+01	1.76025e+00
679	2822	1.01850e+01	1.89209e+00
680	2876	1.02000e+01	2.02393e+00
681	2929	1.02150e+01	2.15332e+00
682	2980	1.02300e+01	2.27783e+00
683	3030	1.02450e+01	2.39990e+00
684	3078	1.02600e+01	2.51709e+00
685	3127	1.02750e+01	2.63672e+00
686	3175	1.02900e+01	2.75391e+00
687	3224	1.03050e+01	2.87354e+00
688	3269	1.03200e+01	2.98340e+00
689	3313	1.03350e+01	3.09082e+00
690	3355	1.03500e+01	3.19336e+00
691	3397	1.03650e+01	3.29590e+00
692	3436	1.03800e+01	3.39111e+00
693	3474	1.03950e+01	3.48389e+00
694	3511	1.04100e+01	3.57422e+00
695	3545	1.04250e+01	3.65723e+00
696	3579	1.04400e+01	3.74023e+00
697	3613	1.04550e+01	3.82324e+00
698	3641	1.04700e+01	3.89160e+00
699	3669	1.04850e+01	3.95996e+00
700	3695	1.05000e+01	4.02344e+00
701	3721	1.05150e+01	4.08691e+00
702	3744	1.05300e+01	4.14307e+00
703	3769	1.05450e+01	4.20410e+00
704	3785	1.05600e+01	4.24316e+00
705	3803	1.05750e+01	4.28711e+00
706	3818	1.05900e+01	4.32373e+00
707	3831	1.06050e+01	4.35547e+00
708	3842	1.06200e+01	4.38232e+00
709	3854	1.06350e+01	4.41162e+00
710	3861	1.06500e+01	4.42871e+00
711	3869	1.06650e+01	4.44824e+00
712	3876	1.06800e+01	4.46533e+00
713	3876	1.06950e+01	4.46533e+00
714	3869	1.07100e+01	4.44824e+00
715	3863	1.07250e+01	4.43359e+00
716	3855	1.07400e+01	4.41406e+00
717	3846	1.07550e+01	4.39209e+00
718	3836	1.07700e+01	4.36768e+00
719	3825	1.07850e+01	4.34082e+00
720	3811	1.08000e+01	4.30664e+00
721	3796	1.08150e+01	4.27002e+00
722	3777	1.08300e+01	4.22363e+00
723	3758	1.08450e+01	4.17725e+00
724	3735	1.08600e+01	4.12109e+00
725	3712	1.08750e+01	4.06494e+00
726	3687	1.08900e+01	4.00391e+00
727	3662	1.09050e+01	3.94287e+00
728	3633	1.09200e+01	3.87207e+00
729	3604	1.09350e+01	3.80127e+00
730	3574	1.09500e+01	3.72803e+00
731	3540	1.09650e+01	3.64502e+00
732	3505	1.09800e+01	3.55957e+00
733	3469	1.09950e+01	3.47168e+00
734	3430	1.10100e+01	3.37646e+00
735	3392	1.10250e+01	3.28369e+00
736	3352	1.10400e+01	3.18604e+00
737	3312	1.10550e+01	3.08838e+00
738	3267	1.10700e+01	2.97852e+00
739	3222	1.10850e+01	2.86865e+00
740	3176	1.11000e+01	2.75635e+00
741	3129	1.11150e+01	2.64160e+00
742	3078	1.11300e+01	2.51709e+00
743	3033	1.11450e+01	2.40723e+00
744	2984	1.11600e+01	2.28760e+00
745	2935	1.11750e+01	2.16797e+00
746	2883	1.11900e+01	2.04102e+00
747	2830	1.12050e+01	1.91162e+00
748	2776	1.12200e+01	1.77979e+00
749	2722	1.12350e+01	1.64795e+00
750	2668	1.12500e+01	1.51611e+00
751	2614	1.12650e+01	1.38428e+00
752	2559	1.12800e+01	1.25000e+00
753	2505	1.12950e+01	1.11816e+00
754	2448	1.13100e+01	9.79004e-01
755	2394	1.13250e+01	8.47168e-01
756	2338	1.13400e+01	7.10449e-01
757	2280	1.13550e+01	5.68848e-01
758	2220	1.13700e+01	4.22363e-01
759	2163	1.13850e+01	2.83203e-01
760	2106	1.14000e+01	1.44043e-01
761	2046	1.14150e+01	-2.44141e-03
762	1987	1.14300e+01	-1.46484e-01
763	1930	1.14450e+01	-2.85645e-01
764	1868	1.14600e+01	-4.37012e-01
765	1811	1.14750e+01	-5.76172e-01
766	1753	1.14900e+01	-7.17773e-01
767	1698	1.15050e+01	-8.52051e-01
768	1641	1.15200e+01	-9.91211e-01
769	1587	1.15350e+01	-1.12305e+00
770	1532	1.15500e+01	-1.25732e+00
771	1479	1.15650e+01	-1.38672e+00
772	1424	1.15800e+01	-1.52100e+00
773	1370	1.15950e+01	-1.65283e+00
774	1315	1.16100e+01	-1.78711e+00
775	1264	1.16250e+01	-1.91162e+00
776	1211	1.16400e+01	-2.04102e+00
777	1160	1.16550e+01	-2.16553e+00
778	1110	1.16700e+01	-2.28760e+00
779	1062	1.16850e+01	-2.40479e+00
780	1014	1.17000e+01	-2.52197e+00
781	967	1.17150e+01	-2.63672e+00
782	919	1.17300e+01	-2.75391e+00
783	874	1.17450e+01	-2.86377e+00
784	829	1.17600e+01	-2.97363e+00
785	786	1.17750e+01	-3.07861e+00
786	746	1.17900e+01	-3.17627e+00
787	707	1.18050e+01	-3.27148e+00
788	667	1.18200e+01	-3.36914e+00
789	628	1.18350e+01	-3.46436e+00
790	594	1.18500e+01	-3.54736e+00
791	562	1.18650e+01	-3.62549e+00
792	529	1.18800e+01	-3.70605e+00
793	500	1.18950e+01	-3.77686e+00
794	470	1.19100e+01	-3.85010e+00
795	443	1.19250e+01	-3.91602e+00
796	418	1.19400e+01	-3.97705e+00
797	393	1.19550e+01	-4.03809e+00
798	370	1.19700e+01	-4.09424e+00
799	349	1.19850e+01	-4.14551e+00
800	329	1.20000e+01	-4.19434e+00
801	314	1.20150e+01	-4.23096e+00
802	297	1.20300e+01	-4.27246e+00
803	285	1.20450e+01	-4.30176e+00
804	272	1.20600e+01	-4.33350e+00
805	264	1.20750e+01	-4.35303e+00
806	255	1.20900e+01	-4.37500e+00
807	249	1.21050e+01	-4.38965e+00
808	243	1.21200e+01	-4.40430e+00
809	242	1.21350e+01	-4.40674e+00
810	246	1.21500e+01	-4.39697e+00
811	255	1.21650e+01	-4.37500e+00
812	263	1.21800e+01	-4.35547e+00
813	272	1.21950e+01	-4.33350e+00
814	282	1.22100e+01	-4.30908e+00
815	295	1.22250e+01	-4.27734e+00
816	310	1.22400e+01	-4.24072e+00
817	328	1.22550e+01	-4.19678e+00
818	346	1.22700e+01	-4.15283e+00
819	367	1.22850e+01	-4.10156e+00
820	390	1.23000e+01	-4.04541e+00
821	415	1.23150e+01	-3.98438e+00
822	440	1.23300e+01	-3.92334e+00
823	468	1.23450e+01	-3.85498e+00
824	497	1.23600e+01	-3.78418e+00
825	528	1.23750e+01	-3.70850e+00
826	560	1.23900e+01	-3.63037e+00
827	596	1.24050e+01	-3.54248e+00
828	631	1.24200e+01	-3.45703e+00
829	669	1.24350e+01	-3.36426e+00
830	707	1.24500e+01	-3.27148e+00
831	748	1.24650e+01	-3.17139e+00
832	789	1.24800e+01	-3.07129e+00
833	833	1.24950e+01	-2.96387e+00
834	877	1.25100e+01	-2.85645e+00
835	925	1.25250e+01	-2.73926e+00
836	972	1.25400e+01	-2.62451e+00
837	1024	1.25550e+01	-2.49756e+00
838	1068	1.25700e+01	-2.39014e+00
839	1119	1.25850e+01	-2.26562e+00
840	1169	1.26000e+01	-2.14355e+00
841	1223	1.26150e+01	-2.01172e+00
842	1274	1.26300e+01	-1.88721e+00
843	1331	1.26450e+01	-1.74805e+00
844	1385	1.26600e+01	-1.61621e+00
845	1441	1.26750e+01	-1.47949e+00
846	1495	1.26900e+01	-1.34766e+00
847	1551	1.27050e+01	-1.21094e+00
848	1606	1.27200e+01	-1.07666e+00
849	1663	1.27350e+01	-9.37500e-01
850	1718	1.27500e+01	-8.03223e-01
851	1777	1.27650e+01	-6.59180e-01
852	1836	1.27800e+01	-5.15137e-01
853	1896	1.27950e+01	-3.68652e-01
854	1954	1.28100e+01	-2.27051e-01
855	2016	1.28250e+01	-7.56836e-02
856	2074	1.28400e+01	6.59180e-02
857	2135	1.28550e+01	2.14844e-01
858	2193	1.28700e+01	3.56445e-01
859	2254	1.28850e+01	5.05371e-01
860	2313	1.29000e+01	6.49414e-01
861	2371	1.29150e+01	7.91016e-01
862	2428	1.29300e+01	9.30176e-01
863	2485	1.29450e+01	1.06934e+00
864	2539	1.29600e+01	1.20117e+00
865	2596	1.29750e+01	1.34033e+00
866	2650	1.29900e+01	1.47217e+00
867	2706	1.30050e+01	1.60889e+00
868	2761	1.30200e+01	1.74316e+00
869	2817	1.30350e+01	1.87988e+00
870	2869	1.30500e+01	2.00684e+00
871	2924	1.30650e+01	2.14111e+00
872	2973	1.30800e+01	2.26074e+00
873	3025	1.30950e+01	2.38770e+00
874	3072	1.31100e+01	2.50244e+00
875	3122	1.31250e+01	2.62451e+00
876	3169	1.31400e+01	2.73926e+00
877	3219	1.31550e+01	2.86133e+00
878	3263	1.31700e+01	2.96875e+00
879	3309	1.31850e+01	3.08105e+00
880	3350	1.32000e+01	3.18115e+00
881	3392	1.32150e+01	3.28369e+00
882	3431	1.32300e+01	3.37891e+00
883	3471	1.32450e+01	3.47656e+00
884	3507	1.32600e+01	3.56445e+00
885	3537	1.32750e+01	3.63770e+00
886	3576	1.32900e+01	3.73291e+00
887	3608	1.33050e+01	3.81104e+00
888	3638	1.33200e+01	3.88428e+00
889	3666	1.33350e+01	3.95264e+00
890	3692	1.33500e+01	4.01611e+00
891	3718	1.33650e+01	4.07959e+00
892	3741	1.33800e+01	4.13574e+00
893	3765	1.33950e+01	4.19434e+00
894	3782	1.34100e+01	4.23584e+00
895	3802	1.34250e+01	4.28467e+00
896	3817	1.34400e+01	4.32129e+00
897	3831	1.34550e+01	4.35547e+00
898	3841	1.34700e+01	4.37988e+00
899	3853	1.34850e+01	4.40918e+00
900	3860	1.35000e+01	4.42627e+00
901	3868	1.35150e+01	4.44580e+00
902	3874	1.35300e+01	4.46045e+00
903	3877	1.35450e+01	4.46777e+00
904	3871	1.35600e+01	4.45312e+00
905	3864	1.35750e+01	4.43604e+00
906	3857	1.35900e+01	4.41895e+00
907	3845	1.36050e+01	4.38965e+00
908	3837	1.36200e+01	4.37012e+00
909	3827	1.36350e+01	4.34570e+00
910	3813	1.36500e+01	4.31152e+00
911	3799	1.36650e+01	4.27734e+00
912	3780	1.36800e+01	4.23096e+00
913	3760	1.36950e+01	4.18213e+00
914	3737	1.37100e+01	4.12598e+00
915	3715	1.37250e+01	4.07227e+00
916	3691	1.37400e+01	4.01367e+00
917	3665	1.37550e+01	3.95020e+00
918	3636	1.37700e+01	3.87939e+00
919	3609	1.37850e+01	3.81348e+00
920	3576	1.38000e+01	3.73291e+00
921	3541	1.38150e+01	3.64746e+00
922	3509	1.38300e+01	3.56934e+00
923	3474	1.38450e+01	3.48389e+00
924	3435	1.38600e+01	3.38867e+00
925	3396	1.38750e+01	3.29346e+00
926	3356	1.38900e+01	3.19580e+00
927	3316	1.39050e+01	3.09814e+00
928	3272	1.39200e+01	2.99072e+00
929	3224	1.39350e+01	2.87354e+00
930	3182	1.39500e+01	2.77100e+00
931	3135	1.39650e+01	2.65625e+00
932	3086	1.39800e+01	2.53662e+00
933	3039	1.39950e+01	2.42188e+00
934	2990	1.40100e+01	2.30225e+00
935	2940	1.40250e+01	2.18018e+00
936	2888	1.40400e+01	2.05322e+00
937	2837	1.40550e+01	1.92871e+00
938	2783	1.40700e+01	1.79688e+00
939	2729	1.40850e+01	1.66504e+00
940	2674	1.41000e+01	1.53076e+00
941	2620	1.41150e+01	1.39893e+00
942	2566	1.41300e+01	1.26709e+00
943	2512	1.41450e+01	1.13525e+00
944	2455	1.41600e+01	9.96094e-01
945	2402	1.41750e+01	8.66699e-01
946	2344	1.41900e+01	7.25098e-01
947	2287	1.42050e+01	5.85938e-01
948	2229	1.42200e+01	4.44336e-01
949	2170	1.42350e+01	3.00293e-01
950	2111	1.42500e+01	1.56250e-01
951	2053	1.42650e+01	1.46484e-02
952	1994	1.42800e+01	-1.29395e-01
953	1935	1.42950e+01	-2.73438e-01
954	1877	1.43100e+01	-4.15039e-01
955	1818	1.43250e+01	-5.59082e-01
956	1760	1.43400e+01	-7.00684e-01
957	1706	1.43550e+01	-8.32520e-01
958	1649	1.43700e+01	-9.71680e-01
959	1595	1.43850e+01	-1.10352e+00
960	1539	1.44000e+01	-1.24023e+00
961	1485	1.44150e+01	-1.37207e+00
962	1429	1.44300e+01	-1.50879e+00
963	1376	1.44450e+01	-1.63818e+00
964	1322	1.44600e+01	-1.77002e+00
965	1269	1.44750e+01	-1.89941e+00
966	1216	1.44900e+01	-2.02881e+00
967	1165	1.45050e+01	-2.15332e+00
968	1115	1.45200e+01	-2.27539e+00
969	1067	1.45350e+01	-2.39258e+00
970	1020	1.45500e+01	-2.50732e+00
971	969	1.45650e+01	-2.63184e+00
972	925	1.45800e+01	-2.73926e+00
973	879	1.45950e+01	-2.85156e+00
974	834	1.46100e+01	-2.96143e+00
975	792	1.46250e+01	-3.06396e+00
976	750	1.46400e+01	-3.16650e+00
977	710	1.46550e+01	-3.26416e+00
978	671	1.46700e+01	-3.35938e+00
979	635	1.46850e+01	-3.44727e+00
980	599	1.47000e+01	-3.53516e+00
981	566	1.47150e+01	-3.61572e+00
982	533	1.47300e+01	-3.69629e+00
983	502	1.47450e+01	-3.77197e+00
984	475	1.47600e+01	-3.83789e+00
985	446	1.47750e+01	-3.90869e+00
986	419	1.47900e+01	-3.97461e+00
987	396	1.48050e+01	-4.03076e+00
988	373	1.48200e+01	-4.08691e+00
989	351	1.48350e+01	-4.14062e+00
990	332	1.48500e+01	-4.18701e+00
991	315	1.48650e+01	-4.22852e+00
992	298	1.48800e+01	-4.27002e+00
993	285	1.48950e+01	-4.30176e+00
994	275	1.49100e+01	-4.32617e+00
995	265	1.49250e+01	-4.35059e+00
996	256	1.49400e+01	-4.37256e+00
997	250	1.49550e+01	-4.38721e+00
998	242	1.49700e+01	-4.40674e+00
999	240	1.49850e+01	-4.41162e+00
1000	247	1.50000e+01	-4.39453e+00
1001	254	1.50150e+01	-4.37744e+00
1002	261	1.50300e+01	-4.36035e+00
1003	271	1.50450e+01	-4.33594e+00
1004	281	1.50600e+01	-4.31152e+00
1005	293	1.50750e+01	-4.28223e+00
1006	309	1.50900e+01	-4.24316e+00
1007	325	1.51050e+01	-4.20410e+00
1008	344	1.51200e+01	-4.15771e+00
1009	365	1.51350e+01	-4.10645e+00
1010	387	1.51500e+01	-4.05273e+00
1011	412	1.51650e+01	-3.99170e+00
1012	437	1.51800e+01	-3.93066e+00
1013	464	1.51950e+01	-3.86475e+00
1014	493	1.52100e+01	-3.79395e+00
1015	524	1.52250e+01	-3.71826e+00
1016	557	1.52400e+01	-3.63770e+00
1017	590	1.52550e+01	-3.55713e+00
1018	626	1.52700e+01	-3.46924e+00
1019	663	1.52850e+01	-3.37891e+00
1020	702	1.53000e+01	-3.28369e+00
1021	742	1.53150e+01	-3.18604e+00
1022	784	1.53300e+01	-3.08350e+00
1023	828	1.53450e+01	-2.97607e+00
1024	872	1.53600e+01	-2.86865e+00
1025	920	1.53750e+01	-2.75146e+00
1026	966	1.53900e+01	-2.63916e+00
1027	1015	1.54050e+01	-2.51953e+00
1028	1064	1.54200e+01	-2.39990e+00
1029	1112	1.54350e+01	-2.28271e+00
1030	1163	1.54500e+01	-2.15820e+00
1031	1215	1.54650e+01	-2.03125e+00
1032	1268	1.54800e+01	-1.90186e+00
1033	1323	1.54950e+01	-1.76758e+00
1034	1377	1.55100e+01	-1.63574e+00
1035	1434	1.55250e+01	-1.49658e+00
1036	1488	1.55400e+01	-1.36475e+00
1037	1544	1.55550e+01	-1.22803e+00
1038	1599	1.55700e+01	-1.09375e+00
1039	1655	1.55850e+01	-9.57031e-01
1040	1711	1.56000e+01	-8.20312e-01
1041	1770	1.56150e+01	-6.76270e-01
1042	1827	1.56300e+01	-5.37109e-01
1043	1888	1.56450e+01	-3.88184e-01
1044	1947	1.56600e+01	-2.44141e-01
1045	2007	1.56750e+01	-9.76562e-02
1046	2066	1.56900e+01	4.63867e-02
1047	2126	1.57050e+01	1.92871e-01
1048	2186	1.57200e+01	3.39355e-01
1049	2246	1.57350e+01	4.85840e-01
1050	2306	1.57500e+01	6.32324e-01
1051	2364	1.57650e+01	7.73926e-01
1052	2420	1.57800e+01	9.10645e-01
1053	2477	1.57950e+01	1.04980e+00
1054	2533	1.58100e+01	1.18652e+00
1055	2587	1.58250e+01	1.31836e+00
1056	2643	1.58400e+01	1.45508e+00
1057	2699	1.58550e+01	1.59180e+00
1058	2754	1.58700e+01	1.72607e+00
1059	2809	1.58850e+01	1.86035e+00
1060	2862	1.59000e+01	1.98975e+00
1061	2917	1.59150e+01	2.12402e+00
1062	2968	1.59300e+01	2.24854e+00
1063	3018	1.59450e+01	2.37061e+00
1064	3068	1.59600e+01	2.49268e+00
1065	3116	1.59750e+01	2.60986e+00
1066	3163	1.59900e+01	2.72461e+00
1067	3212	1.60050e+01	2.84424e+00
1068	3258	1.60200e+01	2.95654e+00
1069	3302	1.60350e+01	3.06396e+00
1070	3345	1.60500e+01	3.16895e+00
1071	3388	1.60650e+01	3.27393e+00
1072	3427	1.60800e+01	3.36914e+00
1073	3465	1.60950e+01	3.46191e+00
1074	3503	1.61100e+01	3.55469e+00
1075	3539	1.61250e+01	3.64258e+00
1076	3571	1.61400e+01	3.72070e+00
1077	3604	1.61550e+01	3.80127e+00
1078	3633	1.61700e+01	3.87207e+00
1079	3661	1.61850e+01	3.94043e+00
1080	3688	1.62000e+01	4.00635e+00
1081	3714	1.62150e+01	4.06982e+00
1082	3738	1.62300e+01	4.12842e+00
1083	3760	1.62450e+01	4.18213e+00
1084	3780	1.62600e+01	4.23096e+00
1085	3800	1.62750e+01	4.27979e+00
1086	3815	1.62900e+01	4.31641e+00
1087	3828	1.63050e+01	4.34814e+00
1088	3840	1.63200e+01	4.37744e+00
1089	3849	1.63350e+01	4.39941e+00
1090	3857	1.63500e+01	4.41895e+00
1091	3867	1.63650e+01	4.44336e+00
1092	3873	1.63800e+01	4.45801e+00
1093	3877	1.63950e+01	4.46777e+00
1094	3870	1.64100e+01	4.45068e+00
1095	3865	1.64250e+01	4.43848e+00
1096	3858	1.64400e+01	4.42139e+00
1097	3849	1.64550e+01	4.39941e+00
1098	3839	1.64700e+01	4.37500e+00
1099	3828	1.64850e+01	4.34814e+00
1100	3814	1.65000e+01	4.31396e+00
1101	3799	1.65150e+01	4.27734e+00
1102	3781	1.65300e+01	4.23340e+00
1103	3762	1.65450e+01	4.18701e+00
1104	3741	1.65600e+01	4.13574e+00
1105	3718	1.65750e+01	4.07959e+00
1106	3693	1.65900e+01	4.01855e+00
1107	3669	1.66050e+01	3.95996e+00
1108	3640	1.66200e+01	3.88916e+00
1109	3610	1.66350e+01	3.81592e+00
1110	3581	1.66500e+01	3.74512e+00
1111	3547	1.66650e+01	3.66211e+00
1112	3514	1.66800e+01	3.58154e+00
1113	3477	1.66950e+01	3.49121e+00
1114	3440	1.67100e+01	3.40088e+00
1115	3403	1.67250e+01	3.31055e+00
1116	3363	1.67400e+01	3.21289e+00
1117	3321	1.67550e+01	3.11035e+00
1118	3279	1.67700e+01	3.00781e+00
1119	3234	1.67850e+01	2.89795e+00
1120	3187	1.68000e+01	2.78320e+00
1121	3140	1.68150e+01	2.66846e+00
1122	3093	1.68300e+01	2.55371e+00
1123	3045	1.68450e+01	2.43652e+00
1124	2998	1.68600e+01	2.32178e+00
1125	2946	1.68750e+01	2.19482e+00
1126	2896	1.68900e+01	2.07275e+00
1127	2843	1.69050e+01	1.94336e+00
1128	2791	1.69200e+01	1.81641e+00
1129	2736	1.69350e+01	1.68213e+00
1130	2682	1.69500e+01	1.55029e+00
1131	2627	1.69650e+01	1.41602e+00
1132	2574	1.69800e+01	1.28662e+00
1133	2518	1.69950e+01	1.14990e+00
1134	2463	1.70100e+01	1.01562e+00
1135	2408	1.70250e+01	8.81348e-01
1136	2352	1.70400e+01	7.44629e-01
1137	2294	1.70550e+01	6.03027e-01
1138	2236	1.70700e+01	4.61426e-01
1139	2177	1.70850e+01	3.17383e-01
1140	2118	1.71000e+01	1.73340e-01
1141	2059	1.71150e+01	2.92969e-02
1142	2002	1.71300e+01	-1.09863e-01
1143	1942	1.71450e+01	-2.56348e-01
1144	1885	1.71600e+01	-3.95508e-01
1145	1825	1.71750e+01	-5.41992e-01
1146	1768	1.71900e+01	-6.81152e-01
1147	1711	1.72050e+01	-8.20312e-01
1148	1656	1.72200e+01	-9.54590e-01
1149	1600	1.72350e+01	-1.09131e+00
1150	1547	1.72500e+01	-1.22070e+00
1151	1492	1.72650e+01	-1.35498e+00
1152	1438	1.72800e+01	-1.48682e+00
1153	1382	1.72950e+01	-1.62354e+00
1154	1330	1.73100e+01	-1.75049e+00
1155	1275	1.73250e+01	-1.88477e+00
1156	1223	1.73400e+01	-2.01172e+00
1157	1172	1.73550e+01	-2.13623e+00
1158	1123	1.73700e+01	-2.25586e+00
1159	1074	1.73850e+01	-2.37549e+00
1160	1026	1.74000e+01	-2.49268e+00
1161	978	1.74150e+01	-2.60986e+00
1162	931	1.74300e+01	-2.72461e+00
1163	886	1.74450e+01	-2.83447e+00
1164	840	1.74600e+01	-2.94678e+00
1165	796	1.74750e+01	-3.05420e+00
1166	756	1.74900e+01	-3.15186e+00
1167	716	1.75050e+01	-3.24951e+00
1168	678	1.75200e+01	-3.34229e+00
1169	640	1.75350e+01	-3.43506e+00
1170	604	1.75500e+01	-3.52295e+00
1171	569	1.75650e+01	-3.60840e+00
1172	537	1.75800e+01	-3.68652e+00
1173	505	1.75950e+01	-3.76465e+00
1174	477	1.76100e+01	-3.83301e+00
1175	449	1.76250e+01	-3.90137e+00
1176	424	1.76400e+01	-3.96240e+00
1177	398	1.76550e+01	-4.02588e+00
1178	375	1.76700e+01	-4.08203e+00
1179	354	1.76850e+01	-4.13330e+00
1180	335	1.77000e+01	-4.17969e+00
1181	315	1.77150e+01	-4.22852e+00
1182	300	1.77300e+01	-4.26514e+00
1183	287	1.77450e+01	-4.29688e+00
1184	276	1.77600e+01	-4.32373e+00
1185	266	1.77750e+01	-4.34814e+00
1186	257	1.77900e+01	-4.37012e+00
1187	249	1.78050e+01	-4.38965e+00
1188	242	1.78200e+01	-4.40674e+00
1189	239	1.78350e+01	-4.41406e+00
1190	246	1.78500e+01	-4.39697e+00
1191	252	1.78650e+01	-4.38232e+00
1192	261	1.78800e+01	-4.36035e+00
1193	269	1.78950e+01	-4.34082e+00
1194	281	1.79100e+01	-4.31152e+00
1195	292	1.79250e+01	-4.28467e+00
1196	307	1.79400e+01	-4.24805e+00
1197	322	1.79550e+01	-4.21143e+00
1198	342	1.79700e+01	-4.16260e+00
1199	362	1.79850e+01	-4.11377e+00
1200	386	1.80000e+01	-4.05518e+00
1201	408	1.80150e+01	-4.00146e+00
1202	434	1.80300e+01	-3.93799e+00
1203	461	1.80450e+01	-3.87207e+00
1204	490	1.80600e+01	-3.80127e+00
1205	520	1.80750e+01	-3.72803e+00
1206	553	1.80900e+01	-3.64746e+00
1207	586	1.81050e+01	-3.56689e+00
1208	623	1.81200e+01	-3.47656e+00
1209	659	1.81350e+01	-3.38867e+00
1210	698	1.81500e+01	-3.29346e+00
1211	739	1.81650e+01	-3.19336e+00
1212	780	1.81800e+01	-3.09326e+00
1213	822	1.81950e+01	-2.99072e+00
1214	868	1.82100e+01	-2.87842e+00
1215	914	1.82250e+01	-2.76611e+00
1216	962	1.82400e+01	-2.64893e+00
1217	1009	1.82550e+01	-2.53418e+00
1218	1059	1.82700e+01	-2.41211e+00
1219	1108	1.82850e+01	-2.29248e+00
1220	1158	1.83000e+01	-2.17041e+00
1221	1210	1.83150e+01	-2.04346e+00
1222	1263	1.83300e+01	-1.91406e+00
1223	1316	1.83450e+01	-1.78467e+00
1224	1372	1.83600e+01	-1.64795e+00
1225	1427	1.83750e+01	-1.51367e+00
1226	1483	1.83900e+01	-1.37695e+00
1227	1538	1.84050e+01	-1.24268e+00
1228	1594	1.84200e+01	-1.10596e+00
1229	1649	1.84350e+01	-9.71680e-01
1230	1705	1.84500e+01	-8.34961e-01
1231	1763	1.84650e+01	-6.93359e-01
1232	1822	1.84800e+01	-5.49316e-01
1233	1881	1.84950e+01	-4.05273e-01
1234	1941	1.85100e+01	-2.58789e-01
1235	2001	1.85250e+01	-1.12305e-01
1236	2062	1.85400e+01	3.66211e-02
1237	2120	1.85550e+01	1.78223e-01
1238	2182	1.85700e+01	3.29590e-01
1239	2240	1.85850e+01	4.71191e-01
1240	2299	1.86000e+01	6.15234e-01
1241	2357	1.86150e+01	7.56836e-01
1242	2415	1.86300e+01	8.98438e-01
1243	2471	1.86450e+01	1.03516e+00
1244	2528	1.86600e+01	1.17432e+00
1245	2586	1.86750e+01	1.31592e+00
1246	2638	1.86900e+01	1.44287e+00
1247	2693	1.87050e+01	1.57715e+00
1248	2749	1.87200e+01	1.71387e+00
1249	2803	1.87350e+01	1.84570e+00
1250	2859	1.87500e+01	1.98242e+00
1251	2911	1.87650e+01	2.10938e+00
1252	2963	1.87800e+01	2.23633e+00
1253	3012	1.87950e+01	2.35596e+00
1254	3062	1.88100e+01	2.47803e+00
1255	3110	1.88250e+01	2.59521e+00
1256	3159	1.88400e+01	2.71484e+00
1257	3207	1.88550e+01	2.83203e+00
1258	3254	1.88700e+01	2.94678e+00
1259	3297	1.88850e+01	3.05176e+00
1260	3341	1.89000e+01	3.15918e+00
1261	3383	1.89150e+01	3.26172e+00
1262	3423	1.89300e+01	3.35938e+00
1263	3461	1.89450e+01	3.45215e+00
1264	3498	1.89600e+01	3.54248e+00
1265	3534	1.89750e+01	3.63037e+00
1266	3569	1.89900e+01	3.71582e+00
1267	3602	1.90050e+01	3.79639e+00
1268	3631	1.90200e+01	3.86719e+00
1269	3659	1.90350e+01	3.93555e+00
1270	3687	1.90500e+01	4.00391e+00
1271	3712	1.90650e+01	4.06494e+00
1272	3736	1.90800e+01	4.12354e+00
1273	3758	1.90950e+01	4.17725e+00
1274	3779	1.91100e+01	4.22852e+00
1275	3797	1.91250e+01	4.27246e+00
1276	3813	1.91400e+01	4.31152e+00
1277	3827	1.91550e+01	4.34570e+00
1278	3839	1.91700e+01	4.37500e+00
1279	3848	1.91850e+01	4.39697e+00
1280	3859	1.92000e+01	4.42383e+00
1281	3866	1.92150e+01	4.44092e+00
1282	3874	1.92300e+01	4.46045e+00
1283	3878	1.92450e+01	4.47021e+00
1284	3868	1.92600e+01	4.44580e+00
1285	3865	1.92750e+01	4.43848e+00
1286	3858	1.92900e+01	4.42139e+00
1287	3849	1.93050e+01	4.39941e+00
1288	3841	1.93200e+01	4.37988e+00
1289	3829	1.93350e+01	4.35059e+00
1290	3817	1.93500e+01	4.32129e+00
1291	3801	1.93650e+01	4.28223e+00
1292	3783	1.93800e+01	4.23828e+00
1293	3764	1.93950e+01	4.19189e+00
1294	3742	1.94100e+01	4.13818e+00
1295	3720	1.94250e+01	4.08447e+00
1296	3697	1.94400e+01	4.02832e+00
1297	3669	1.94550e+01	3.95996e+00
1298	3642	1.94700e+01	3.89404e+00
1299	3613	1.94850e+01	3.82324e+00
1300	3584	1.95000e+01	3.75244e+00
1301	3551	1.95150e+01	3.67188e+00
1302	3517	1.95300e+01	3.58887e+00
1303	3481	1.95450e+01	3.50098e+00
1304	3445	1.95600e+01	3.41309e+00
1305	3405	1.95750e+01	3.31543e+00
1306	3366	1.95900e+01	3.22021e+00
1307	3324	1.96050e+01	3.11768e+00
1308	3283	1.96200e+01	3.01758e+00
1309	3237	1.96350e+01	2.90527e+00
1310	3191	1.96500e+01	2.79297e+00
1311	3144	1.96650e+01	2.67822e+00
1312	3096	1.96800e+01	2.56104e+00
1313	3049	1.96950e+01	2.44629e+00
1314	3001	1.97100e+01	2.32910e+00
1315	2952	1.97250e+01	2.20947e+00
1316	2900	1.97400e+01	2.08252e+00
1317	2847	1.97550e+01	1.95312e+00
1318	2793	1.97700e+01	1.82129e+00
1319	2739	1.97850e+01	1.68945e+00
1320	2686	1.98000e+01	1.56006e+00
1321	2631	1.98150e+01	1.42578e+00
1322	2578	1.98300e+01	1.29639e+00
1323	2522	1.98450e+01	1.15967e+00
1324	2468	1.98600e+01	1.02783e+00
1325	2409	1.98750e+01	8.83789e-01
1326	2356	1.98900e+01	7.54395e-01
1327	2298	1.99050e+01	6.12793e-01
1328	2241	1.99200e+01	4.73633e-01
1329	2184	1.99350e+01	3.34473e-01
1330	2123	1.99500e+01	1.85547e-01
1331	2064	1.99650e+01	4.15039e-02
1332	2006	1.99800e+01	-1.00098e-01
1333	1946	1.99950e+01	-2.46582e-01
1334	1889	2.00100e+01	-3.85742e-01
1335	1830	2.00250e+01	-5.29785e-01
1336	1773	2.00400e+01	-6.68945e-01
1337	1716	2.00550e+01	-8.08105e-01
1338	1661	2.00700e+01	-9.42383e-01
1339	1605	2.00850e+01	-1.07910e+00
1340	1551	2.01000e+01	-1.21094e+00
1341	1497	2.01150e+01	-1.34277e+00
1342	1442	2.01300e+01	-1.47705e+00
1343	1388	2.01450e+01	-1.60889e+00
1344	1334	2.01600e+01	-1.74072e+00
1345	1279	2.01750e+01	-1.87500e+00
1346	1227	2.01900e+01	-2.00195e+00
1347	1175	2.02050e+01	-2.12891e+00
1348	1126	2.02200e+01	-2.24854e+00
1349	1077	2.02350e+01	-2.36816e+00
1350	1029	2.02500e+01	-2.48535e+00
1351	982	2.02650e+01	-2.60010e+00
1352	935	2.02800e+01	-2.71484e+00
1353	888	2.02950e+01	-2.82959e+00
1354	844	2.03100e+01	-2.93701e+00
1355	800	2.03250e+01	-3.04443e+00
1356	759	2.03400e+01	-3.14453e+00
1357	718	2.03550e+01	-3.24463e+00
1358	680	2.03700e+01	-3.33740e+00
1359	642	2.03850e+01	-3.43018e+00
1360	607	2.04000e+01	-3.51562e+00
1361	572	2.04150e+01	-3.60107e+00
1362	540	2.04300e+01	-3.67920e+00
1363	508	2.04450e+01	-3.75732e+00
1364	480	2.04600e+01	-3.82568e+00
1365	450	2.04750e+01	-3.89893e+00
1366	426	2.04900e+01	-3.95752e+00
1367	399	2.05050e+01	-4.02344e+00
1368	377	2.05200e+01	-4.07715e+00
1369	356	2.05350e+01	-4.12842e+00
1370	336	2.05500e+01	-4.17725e+00
1371	317	2.05650e+01	-4.22363e+00
1372	302	2.05800e+01	-4.26025e+00
1373	288	2.05950e+01	-4.29443e+00
1374	278	2.06100e+01	-4.31885e+00
1375	267	2.06250e+01	-4.34570e+00
1376	260	2.06400e+01	-4.36279e+00
1377	252	2.06550e+01	-4.38232e+00
1378	244	2.06700e+01	-4.40186e+00
1379	238	2.06850e+01	-4.41650e+00
1380	246	2.07000e+01	-4.39697e+00
1381	252	2.07150e+01	-4.38232e+00
1382	260	2.07300e+01	-4.36279e+00
1383	268	2.07450e+01	-4.34326e+00
1384	280	2.07600e+01	-4.31396e+00
1385	292	2.07750e+01	-4.28467e+00
1386	306	2.07900e+01	-4.25049e+00
1387	321	2.08050e+01	-4.21387e+00
1388	341	2.08200e+01	-4.16504e+00
1389	359	2.08350e+01	-4.12109e+00
1390	383	2.08500e+01	-4.06250e+00
1391	405	2.08650e+01	-4.00879e+00
1392	432	2.08800e+01	-3.94287e+00
1393	458	2.08950e+01	-3.87939e+00
1394	488	2.09100e+01	-3.80615e+00
1395	517	2.09250e+01	-3.73535e+00
1396	550	2.09400e+01	-3.65479e+00
1397	585	2.09550e+01	-3.56934e+00
1398	619	2.09700e+01	-3.48633e+00
1399	655	2.09850e+01	-3.39844e+00
1400	695	2.10000e+01	-3.30078e+00
1401	734	2.10150e+01	-3.20557e+00
1402	776	2.10300e+01	-3.10303e+00
1403	818	2.10450e+01	-3.00049e+00
1404	864	2.10600e+01	-2.88818e+00
1405	910	2.10750e+01	-2.77588e+00
1406	958	2.10900e+01	-2.65869e+00
1407	1005	2.11050e+01	-2.54395e+00
1408	1055	2.11200e+01	-2.42188e+00
1409	1104	2.11350e+01	-2.30225e+00
1410	1153	2.11500e+01	-2.18262e+00
1411	1204	2.11650e+01	-2.05811e+00
1412	1258	2.11800e+01	-1.92627e+00
1413	1312	2.11950e+01	-1.79443e+00
1414	1368	2.12100e+01	-1.65771e+00
1415	1422	2.12250e+01	-1.52588e+00
1416	1478	2.12400e+01	-1.38916e+00
1417	1533	2.12550e+01	-1.25488e+00
1418	1588	2.12700e+01	-1.12061e+00
1419	1644	2.12850e+01	-9.83887e-01
1420	1701	2.13000e+01	-8.44727e-01
1421	1757	2.13150e+01	-7.08008e-01
1422	1816	2.13300e+01	-5.63965e-01
1423	1875	2.13450e+01	-4.19922e-01
1424	1937	2.13600e+01	-2.68555e-01
1425	1996	2.13750e+01	-1.24512e-01
1426	2056	2.13900e+01	2.19727e-02
1427	2114	2.14050e+01	1.63574e-01
1428	2175	2.14200e+01	3.12500e-01
1429	2234	2.14350e+01	4.56543e-01
1430	2295	2.14500e+01	6.05469e-01
1431	2353	2.14650e+01	7.47070e-01
1432	2410	2.14800e+01	8.86230e-01
1433	2466	2.14950e+01	1.02295e+00
1434	2522	2.15100e+01	1.15967e+00
1435	2577	2.15250e+01	1.29395e+00
1436	2633	2.15400e+01	1.43066e+00
1437	2689	2.15550e+01	1.56738e+00
1438	2743	2.15700e+01	1.69922e+00
1439	2798	2.15850e+01	1.83350e+00
1440	2853	2.16000e+01	1.96777e+00
1441	2906	2.16150e+01	2.09717e+00
1442	2957	2.16300e+01	2.22168e+00
1443	3008	2.16450e+01	2.34619e+00
1444	3058	2.16600e+01	2.46826e+00
1445	3105	2.16750e+01	2.58301e+00
1446	3154	2.16900e+01	2.70264e+00
1447	3203	2.17050e+01	2.82227e+00
1448	3250	2.17200e+01	2.93701e+00
1449	3293	2.17350e+01	3.04199e+00
1450	3337	2.17500e+01	3.14941e+00
1451	3378	2.17650e+01	3.24951e+00
1452	3419	2.17800e+01	3.34961e+00
1453	3457	2.17950e+01	3.44238e+00
1454	3494	2.18100e+01	3.53271e+00
1455	3530	2.18250e+01	3.62061e+00
1456	3565	2.18400e+01	3.70605e+00
1457	3596	2.18550e+01	3.78174e+00
1458	3628	2.18700e+01	3.85986e+00
1459	3656	2.18850e+01	3.92822e+00
1460	3684	2.19000e+01	3.99658e+00
1461	3709	2.19150e+01	4.05762e+00
1462	3733	2.19300e+01	4.11621e+00
1463	3754	2.19450e+01	4.16748e+00
1464	3778	2.19600e+01	4.22607e+00
1465	3795	2.19750e+01	4.26758e+00
1466	3814	2.19900e+01	4.31396e+00
1467	3825	2.20050e+01	4.34082e+00
1468	3833	2.20200e+01	4.36035e+00
1469	3848	2.20350e+01	4.39697e+00
1470	3858	2.20500e+01	4.42139e+00
1471	3865	2.20650e+01	4.43848e+00
1472	3872	2.20800e+01	4.45557e+00
1473	3879	2.20950e+01	4.47266e+00
1474	3871	2.21100e+01	4.45312e+00
1475	3866	2.21250e+01	4.44092e+00
1476	3859	2.21400e+01	4.42383e+00
1477	3849	2.21550e+01	4.39941e+00
1478	3841	2.21700e+01	4.37988e+00
1479	3829	2.21850e+01	4.35059e+00
1480	3818	2.22000e+01	4.32373e+00
1481	3802	2.22150e+01	4.28467e+00
1482	3786	2.22300e+01	4.24561e+00
1483	3766	2.22450e+01	4.19678e+00
1484	3745	2.22600e+01	4.14551e+00
1485	3722	2.22750e+01	4.08936e+00
1486	3698	2.22900e+01	4.03076e+00
1487	3673	2.23050e+01	3.96973e+00
1488	3646	2.23200e+01	3.90381e+00
1489	3617	2.23350e+01	3.83301e+00
1490	3586	2.23500e+01	3.75732e+00
1491	3554	2.23650e+01	3.67920e+00
1492	3521	2.23800e+01	3.59863e+00
1493	3485	2.23950e+01	3.51074e+00
1494	3447	2.24100e+01	3.41797e+00
1495	3410	2.24250e+01	3.32764e+00
1496	3370	2.24400e+01	3.22998e+00
1497	3327	2.24550e+01	3.12500e+00
1498	3291	2.24700e+01	3.03711e+00
1499	3242	2.24850e+01	2.91748e+00
